luminosity = 2262
channels = 37
sample = zinv

channel                   =     bin1     bin2     bin3     bin4     bin5     bin6     bin7     bin8     bin9    bin10    bin11    bin12    bin13    bin14    bin15    bin16    bin17    bin18    bin19    bin20    bin21    bin22    bin23    bin24    bin25    bin26    bin27    bin28    bin29    bin30    bin31    bin32    bin33    bin34    bin35    bin36    bin37

rate                      =  7.78637  2.81114  1.40786  0.78289  2.59296  2.99700  2.03329  1.19116  0.46439  1.73715  4.12691  1.85464  0.75005  0.37946  0.20057  0.67784  0.71375  0.46262  0.32049  0.47421  0.94245  1.62588  0.47565  0.23678  1.07715  0.80594  0.62446  0.26831  1.47278  0.37179  0.15009  0.05826  0.30138  0.25919  0.11523  0.08757  0.34128

cs_event                  =     4157     1613      886      535     1569     1662     1151      806      368      950     2824      949      345      210      139      345      391      272      193      304      666      153       78      119      499      203       86      420      308      286      143      803       91       45       15       93       69
avg_weight                =  0.00187  0.00174  0.00159  0.00146  0.00165  0.00180  0.00177  0.00148  0.00126  0.00183  0.00146  0.00195  0.00217  0.00181  0.00144  0.00196  0.00183  0.00170  0.00166  0.00156  0.00142  0.01063  0.00610  0.00199  0.00216  0.00397  0.00726  0.00064  0.00478  0.00130  0.00105  0.00007  0.00331  0.00576  0.00768  0.00094  0.00495

stat_unc_up = xxx yy zz
stat_unc_dn = xxx yy zz

syst_unc_norm_up          =  0.18035  0.18035  0.18035  0.18035  0.18035  0.18035  0.18035  0.18035  0.18035  0.18035  0.18035  0.18035  0.18035  0.18035  0.18035  0.18035  0.18035  0.18035  0.18035  0.18035  0.18035  0.18035  0.18035  0.18035  0.18035  0.18035  0.18035  0.18035  0.18035  0.18035  0.18035  0.18035  0.18035  0.18035  0.18035  0.18035  0.18035
syst_unc_norm_dn          =  0.18035  0.18035  0.18035  0.18035  0.18035  0.18035  0.18035  0.18035  0.18035  0.18035  0.18035  0.18035  0.18035  0.18035  0.18035  0.18035  0.18035  0.18035  0.18035  0.18035  0.18035  0.18035  0.18035  0.18035  0.18035  0.18035  0.18035  0.18035  0.18035  0.18035  0.18035  0.18035  0.18035  0.18035  0.18035  0.18035  0.18035
syst_unc_shape_central_up =  0.41852  0.22019  0.26192  0.20845  0.52962  0.38274  0.41707  0.39082  0.37616  0.41088  0.48310  0.40014  0.17903  0.23143  0.18200  0.51522  0.36188  0.39862  0.37473  0.37404  0.47172  0.36920  0.17126  0.15319  0.42675  0.23106  0.23054  0.53615  0.39606  0.39351  0.39537  0.44627  0.40874  0.19979  0.19301  0.52193  0.37534
syst_unc_shape_central_dn =  0.41852  0.22019  0.26192  0.20845  0.52962  0.38274  0.41707  0.39082  0.37616  0.41088  0.48310  0.40014  0.17903  0.23143  0.18200  0.51522  0.36188  0.39862  0.37473  0.37404  0.47172  0.36920  0.17126  0.15319  0.42675  0.23106  0.23054  0.53615  0.39606  0.39351  0.39537  0.44627  0.40874  0.19979  0.19301  0.52193  0.37534
syst_unc_shape_stat_up =  0.29100  0.28800  0.25200  0.20500  0.31200  0.27300  0.25900  0.23200  0.40000  0.40000  0.39900  0.68300  0.68300  0.68300  0.68300  0.68300  0.68300  0.68300  0.68300  0.68300  0.68300  0.42500  0.45200  0.31600  0.54800  0.54800  0.54800  0.54800  0.54800  0.54800  0.58600  0.54800  0.68300  0.68300  0.68300  0.68300  0.68300
syst_unc_shape_stat_dn =  0.29100  0.28800  0.25200  0.20500  0.31200  0.27300  0.25900  0.23200  0.40000  0.40000  0.39900  0.68300  0.68300  0.68300  0.68300  0.68300  0.68300  0.68300  0.68300  0.68300  0.68300  0.42500  0.45200  0.31600  0.54800  0.54800  0.54800  0.54800  0.54800  0.54800  0.58600  0.54800  0.68300  0.68300  0.68300  0.68300  0.68300
syst_unc_jeu_up       =  0.05621  0.04785  0.05624  0.02713  0.06659  0.06889  0.06551  0.04445  0.05886  0.08584  0.05057  0.04655  0.08191  0.07855  0.09828  0.07853  0.07140  0.08008  0.06561  0.13060  0.08192  0.07673  0.05732  0.03284  0.11720  0.10598  0.13437  0.17442  0.08508  0.13307  0.07231  0.08770  0.06767  0.06679  0.02484  0.29420  0.29420
syst_unc_jeu_dn       =  0.05621  0.04785  0.05624  0.02713  0.06659  0.06889  0.06551  0.04445  0.05886  0.08584  0.05057  0.04655  0.08191  0.07855  0.09828  0.07853  0.07140  0.08008  0.06561  0.13060  0.08192  0.07673  0.05732  0.03284  0.11720  0.10598  0.13437  0.17442  0.08508  0.13307  0.07231  0.08770  0.06767  0.06679  0.02484  0.29420  0.29420
syst_unc_meu_up       =  0.01986  0.04498  0.03819  0.06359  0.01047  0.02060  0.03400  0.05247  0.06932  0.00993  0.04053  0.02738  0.02975  0.04434  0.03782  0.04266  0.05152  0.06419  0.06306  0.01204  0.03821  0.02630  0.04886  0.03180  0.00628  0.01365  0.04878  0.03692  0.03866  0.03647  0.15506  0.15229  0.01703  0.04066  0.05029  0.00462  0.00462
syst_unc_meu_dn       =  0.01986  0.04498  0.03819  0.06359  0.01047  0.02060  0.03400  0.05247  0.06932  0.00993  0.04053  0.02738  0.02975  0.04434  0.03782  0.04266  0.05152  0.06419  0.06306  0.01204  0.03821  0.02630  0.04886  0.03180  0.00628  0.01365  0.04878  0.03692  0.03866  0.03647  0.15506  0.15229  0.01703  0.04066  0.05029  0.00462  0.00462
syst_unc_scale_up     =  0.01068  0.00248  0.00076  0.00146  0.01620  0.00740  0.01041  0.00367  0.04066  0.00597  0.00308  0.00852  0.00161  0.00105  0.00561  0.01045  0.00166  0.00934  0.00146  0.00764  0.00327  0.02977  0.04088  0.02095  0.02503  0.00804  0.01873  0.04689  0.01405  0.02518  0.02603  0.01149  0.02013  0.00393  0.01275  0.02004  0.02252
syst_unc_scale_dn     =  0.01068  0.00248  0.00076  0.00146  0.01620  0.00740  0.01041  0.00367  0.04066  0.00597  0.00308  0.00852  0.00161  0.00105  0.00561  0.01045  0.00166  0.00934  0.00146  0.00764  0.00327  0.02977  0.04088  0.02095  0.02503  0.00804  0.01873  0.04689  0.01405  0.02518  0.02603  0.01149  0.02013  0.00393  0.01275  0.02004  0.02252
syst_unc_pdf_up       =  0.01977  0.01123  0.00593  0.00438  0.00644  0.00284  0.00009  0.02177  0.00400  0.01425  0.06027  0.00450  0.09945  0.08495  0.00241  0.00381  0.00093  0.01528  0.03564  0.00907  0.03346  0.01090  0.01076  0.00869  0.02002  0.00992  0.11740  0.01023  0.06018  0.02494  0.21216  0.02766  0.02571  0.01243  0.03106  0.01222  0.28568
syst_unc_pdf_dn       =  0.01977  0.01123  0.00593  0.00438  0.00644  0.00284  0.00009  0.02177  0.00400  0.01425  0.06027  0.00450  0.09945  0.08495  0.00241  0.00381  0.00093  0.01528  0.03564  0.00907  0.03346  0.01090  0.01076  0.00869  0.02002  0.00992  0.11740  0.01023  0.06018  0.02494  0.21216  0.02766  0.02571  0.01243  0.03106  0.01222  0.28568
syst_unc_trig_up      =  0.04103  0.03307  0.02888  0.02904  0.04562  0.03935  0.03771  0.03085  0.04704  0.04649  0.04268  0.08432  0.07823  0.06790  0.06930  0.09712  0.07985  0.07730  0.08028  0.08682  0.08909  0.03723  0.04000  0.02146  0.03490  0.03139  0.03702  0.03186  0.03321  0.07607  0.06852  0.08031  0.08868  0.06569  0.07211  0.06282  0.07422
syst_unc_trig_dn      =  0.04103  0.03307  0.02888  0.02904  0.04562  0.03935  0.03771  0.03085  0.04704  0.04649  0.04268  0.08432  0.07823  0.06790  0.06930  0.09712  0.07985  0.07730  0.08028  0.08682  0.08909  0.03723  0.04000  0.02146  0.03490  0.03139  0.03702  0.03186  0.03321  0.07607  0.06852  0.08031  0.08868  0.06569  0.07211  0.06282  0.07422
syst_unc_btag_up      =  0.02472  0.02137  0.01718  0.01741  0.02912  0.02759  0.02601  0.01910  0.03381  0.03463  0.03093  0.06933  0.06959  0.05874  0.06038  0.08195  0.07166  0.06872  0.07205  0.07932  0.08148  0.02070  0.02766  0.01028  0.01827  0.01925  0.02460  0.01859  0.02116  0.06120  0.05980  0.07249  0.07363  0.05593  0.06248  0.05061  0.06477
syst_unc_btag_dn      =  0.02574  0.02236  0.01809  0.01819  0.03040  0.02871  0.02702  0.02002  0.03564  0.03588  0.03199  0.06749  0.06802  0.05754  0.05890  0.07911  0.06966  0.06704  0.07001  0.07646  0.07892  0.02187  0.02936  0.01058  0.01951  0.02066  0.02630  0.01991  0.02242  0.06038  0.05820  0.07008  0.07100  0.05535  0.06179  0.05128  0.06390
syst_unc_bmistag_up   =  0.04284  0.04558  0.04583  0.04829  0.04385  0.04192  0.03918  0.04364  0.03980  0.04276  0.04540  0.05506  0.06112  0.08409  0.07655  0.04017  0.05425  0.05721  0.05108  0.06683  0.06917  0.02677  0.02898  0.04995  0.03724  0.04182  0.02965  0.04463  0.04192  0.05814  0.07463  0.06797  0.04846  0.05537  0.09605  0.03049  0.07240
syst_unc_bmistag_dn   =  0.04385  0.04663  0.04685  0.04933  0.04473  0.04282  0.04003  0.04467  0.04103  0.04364  0.04630  0.05135  0.05532  0.07789  0.07139  0.03847  0.05228  0.05511  0.04948  0.06197  0.06649  0.02780  0.03015  0.05199  0.03868  0.04310  0.03084  0.04554  0.04336  0.05787  0.07105  0.06547  0.04535  0.05242  0.08929  0.03143  0.06657
