[?1034hluminosity = 2262
channels = 37
sample = zinv

channel                   =     bin1     bin2     bin3     bin4     bin5     bin6     bin7     bin8     bin9    bin10    bin11    bin12    bin13    bin14    bin15    bin16    bin17    bin18    bin19    bin20    bin21    bin22    bin23    bin24    bin25    bin26    bin27    bin28    bin29    bin30    bin31    bin32    bin33    bin34    bin35    bin36    bin37

rate                      =  0.00000  0.00000  0.00000  0.00000  0.00000  0.00000  0.00000  0.00000  0.00000  0.00000  0.00000  0.00000  0.00000  0.00000  0.00000  0.00000  0.00000  0.00000  0.00000  0.00000  0.00000  0.00000  0.00000  0.00000  0.00000  0.00000  0.00000  0.00000  0.00000  0.00000  0.00000  0.00000  0.00000  0.00000  0.00000  0.00000  0.00000

cs_event                  =     4157     1613      886      535     1569     1662     1151      806      368      950     2824      949      345      210      139      345      391      272      193      304      666      153       78      119      499      203       86      420      308      286      143      803       91       45       15       93       69
avg_weight                =  0.00000  0.00000  0.00000  0.00000  0.00000  0.00000  0.00000  0.00000  0.00000  0.00000  0.00000  0.00000  0.00000  0.00000  0.00000  0.00000  0.00000  0.00000  0.00000  0.00000  0.00000  0.00000  0.00000  0.00000  0.00000  0.00000  0.00000  0.00000  0.00000  0.00000  0.00000  0.00000  0.00000  0.00000  0.00000  0.00000  0.00000

stat_unc_up = xxx yy zz
stat_unc_dn = xxx yy zz

syst_unc_norm_up          =  0.19412  0.19412  0.19412  0.19412  0.19412  0.19412  0.19412  0.19412  0.19412  0.19412  0.19412  0.19412  0.19412  0.19412  0.19412  0.19412  0.19412  0.19412  0.19412  0.19412  0.19412  0.19412  0.19412  0.19412  0.19412  0.19412  0.19412  0.19412  0.19412  0.19412  0.19412  0.19412  0.19412  0.19412  0.19412  0.19412  0.19412
syst_unc_norm_dn          =  0.19412  0.19412  0.19412  0.19412  0.19412  0.19412  0.19412  0.19412  0.19412  0.19412  0.19412  0.19412  0.19412  0.19412  0.19412  0.19412  0.19412  0.19412  0.19412  0.19412  0.19412  0.19412  0.19412  0.19412  0.19412  0.19412  0.19412  0.19412  0.19412  0.19412  0.19412  0.19412  0.19412  0.19412  0.19412  0.19412  0.19412
syst_unc_shape_central_up =  0.08440  0.18388  0.42109  0.42849  0.09470  0.24544  0.42328  0.43174  0.59115  0.68515  0.69580  0.21358  0.27400  0.46456  0.47227  0.21786  0.32251  0.46654  0.47454  0.68725  0.72386  0.35651  0.55051  0.59271  0.35497  0.39616  0.54661  0.35756  0.40451  0.54906  0.66604  0.77611  0.40558  0.43830  0.58090  0.40785  0.45290
syst_unc_shape_central_dn =  0.08440  0.18388  0.42109  0.42849  0.09470  0.24544  0.42328  0.43174  0.59115  0.68515  0.69580  0.21358  0.27400  0.46456  0.47227  0.21786  0.32251  0.46654  0.47454  0.68725  0.72386  0.35651  0.55051  0.59271  0.35497  0.39616  0.54661  0.35756  0.40451  0.54906  0.66604  0.77611  0.40558  0.43830  0.58090  0.40785  0.45290
syst_unc_shape_stat_up    =  0.15200  0.15100  0.21200  0.21900  0.21600  0.21600  0.21600  0.22300  0.43900  0.43900  0.43900  0.58300  0.58300  0.58300  0.58300  0.58300  0.58300  0.58300  0.58300  0.58300  0.58300  0.99950  0.99950  0.99950  0.55800  0.55800  0.55800  0.55800  0.55800  0.55800  0.55800  0.55800  0.58300  0.58300  0.58300  0.58300  0.58300
syst_unc_shape_stat_dn    =  0.15200  0.15100  0.21200  0.21900  0.21600  0.21600  0.21600  0.22300  0.43900  0.43900  0.43900  0.58300  0.58300  0.58300  0.58300  0.58300  0.58300  0.58300  0.58300  0.58300  0.58300  0.99950  0.99950  0.99950  0.55800  0.55800  0.55800  0.55800  0.55800  0.55800  0.55800  0.55800  0.58300  0.58300  0.58300  0.58300  0.58300
syst_unc_jeu_up           =  0.00000  0.00000  0.00000  0.00000  0.00000  0.00000  0.00000  0.00000  0.00000  0.00000  0.00000  0.00000  0.00000  0.00000  0.00000  0.00000  0.00000  0.00000  0.00000  0.00000  0.00000  0.00000  0.00000  0.00000  0.00000  0.00000  0.00000  0.00000  0.00000  0.00000  0.00000  0.00000  0.00000  0.00000  0.00000  0.00000  0.00000
syst_unc_jeu_dn           =  0.00000  0.00000  0.00000  0.00000  0.00000  0.00000  0.00000  0.00000  0.00000  0.00000  0.00000  0.00000  0.00000  0.00000  0.00000  0.00000  0.00000  0.00000  0.00000  0.00000  0.00000  0.00000  0.00000  0.00000  0.00000  0.00000  0.00000  0.00000  0.00000  0.00000  0.00000  0.00000  0.00000  0.00000  0.00000  0.00000  0.00000
syst_unc_meu_up           =  0.00000  0.00000  0.00000  0.00000  0.00000  0.00000  0.00000  0.00000  0.00000  0.00000  0.00000  0.00000  0.00000  0.00000  0.00000  0.00000  0.00000  0.00000  0.00000  0.00000  0.00000  0.00000  0.00000  0.00000  0.00000  0.00000  0.00000  0.00000  0.00000  0.00000  0.00000  0.00000  0.00000  0.00000  0.00000  0.00000  0.00000
syst_unc_meu_dn           =  0.00000  0.00000  0.00000  0.00000  0.00000  0.00000  0.00000  0.00000  0.00000  0.00000  0.00000  0.00000  0.00000  0.00000  0.00000  0.00000  0.00000  0.00000  0.00000  0.00000  0.00000  0.00000  0.00000  0.00000  0.00000  0.00000  0.00000  0.00000  0.00000  0.00000  0.00000  0.00000  0.00000  0.00000  0.00000  0.00000  0.00000
syst_unc_scale_up         =  0.01068  0.00248  0.00076  0.00146  0.01620  0.00740  0.01041  0.00367  0.04066  0.00597  0.00308  0.00852  0.00161  0.00105  0.00561  0.01045  0.00166  0.00934  0.00146  0.00764  0.00327  0.02977  0.04088  0.02095  0.02503  0.00804  0.01873  0.04689  0.01405  0.02518  0.02603  0.01149  0.02013  0.00393  0.01275  0.02004  0.02252
syst_unc_scale_dn         =  0.01068  0.00248  0.00076  0.00146  0.01620  0.00740  0.01041  0.00367  0.04066  0.00597  0.00308  0.00852  0.00161  0.00105  0.00561  0.01045  0.00166  0.00934  0.00146  0.00764  0.00327  0.02977  0.04088  0.02095  0.02503  0.00804  0.01873  0.04689  0.01405  0.02518  0.02603  0.01149  0.02013  0.00393  0.01275  0.02004  0.02252
syst_unc_pdf_up           =  0.01977  0.01123  0.00593  0.00438  0.00644  0.00284  0.00009  0.02177  0.00400  0.01425  0.06027  0.00450  0.09945  0.08495  0.00241  0.00381  0.00093  0.01528  0.03564  0.00907  0.03346  0.01090  0.01076  0.00869  0.02002  0.00992  0.11740  0.01023  0.06018  0.02494  0.21216  0.02766  0.02571  0.01243  0.03106  0.01222  0.28568
syst_unc_pdf_dn           =  0.01977  0.01123  0.00593  0.00438  0.00644  0.00284  0.00009  0.02177  0.00400  0.01425  0.06027  0.00450  0.09945  0.08495  0.00241  0.00381  0.00093  0.01528  0.03564  0.00907  0.03346  0.01090  0.01076  0.00869  0.02002  0.00992  0.11740  0.01023  0.06018  0.02494  0.21216  0.02766  0.02571  0.01243  0.03106  0.01222  0.28568
syst_unc_trig_up          =  0.00000  0.00000  0.00000  0.00000  0.00000  0.00000  0.00000  0.00000  0.00000  0.00000  0.00000  0.00000  0.00000  0.00000  0.00000  0.00000  0.00000  0.00000  0.00000  0.00000  0.00000  0.00000  0.00000  0.00000  0.00000  0.00000  0.00000  0.00000  0.00000  0.00000  0.00000  0.00000  0.00000  0.00000  0.00000  0.00000  0.00000
syst_unc_trig_dn          =  0.00000  0.00000  0.00000  0.00000  0.00000  0.00000  0.00000  0.00000  0.00000  0.00000  0.00000  0.00000  0.00000  0.00000  0.00000  0.00000  0.00000  0.00000  0.00000  0.00000  0.00000  0.00000  0.00000  0.00000  0.00000  0.00000  0.00000  0.00000  0.00000  0.00000  0.00000  0.00000  0.00000  0.00000  0.00000  0.00000  0.00000
syst_unc_btag_up          =  0.00000  0.00000  0.00000  0.00000  0.00000  0.00000  0.00000  0.00000  0.00000  0.00000  0.00000  0.00000  0.00000  0.00000  0.00000  0.00000  0.00000  0.00000  0.00000  0.00000  0.00000  0.00000  0.00000  0.00000  0.00000  0.00000  0.00000  0.00000  0.00000  0.00000  0.00000  0.00000  0.00000  0.00000  0.00000  0.00000  0.00000
syst_unc_btag_dn          =  0.00000  0.00000  0.00000  0.00000  0.00000  0.00000  0.00000  0.00000  0.00000  0.00000  0.00000  0.00000  0.00000  0.00000  0.00000  0.00000  0.00000  0.00000  0.00000  0.00000  0.00000  0.00000  0.00000  0.00000  0.00000  0.00000  0.00000  0.00000  0.00000  0.00000  0.00000  0.00000  0.00000  0.00000  0.00000  0.00000  0.00000
syst_unc_bmistag_up       =  0.00000  0.00000  0.00000  0.00000  0.00000  0.00000  0.00000  0.00000  0.00000  0.00000  0.00000  0.00000  0.00000  0.00000  0.00000  0.00000  0.00000  0.00000  0.00000  0.00000  0.00000  0.00000  0.00000  0.00000  0.00000  0.00000  0.00000  0.00000  0.00000  0.00000  0.00000  0.00000  0.00000  0.00000  0.00000  0.00000  0.00000
syst_unc_bmistag_dn       =  0.00000  0.00000  0.00000  0.00000  0.00000  0.00000  0.00000  0.00000  0.00000  0.00000  0.00000  0.00000  0.00000  0.00000  0.00000  0.00000  0.00000  0.00000  0.00000  0.00000  0.00000  0.00000  0.00000  0.00000  0.00000  0.00000  0.00000  0.00000  0.00000  0.00000  0.00000  0.00000  0.00000  0.00000  0.00000  0.00000  0.00000
==================== Electrons ==========
luminosity = 2262
channels = 37
sample = zinv

channel                   =     bin1     bin2     bin3     bin4     bin5     bin6     bin7     bin8     bin9    bin10    bin11    bin12    bin13    bin14    bin15    bin16    bin17    bin18    bin19    bin20    bin21    bin22    bin23    bin24    bin25    bin26    bin27    bin28    bin29    bin30    bin31    bin32    bin33    bin34    bin35    bin36    bin37

rate                      =  0.00000  0.00000  0.00000  0.00000  0.00000  0.00000  0.00000  0.00000  0.00000  0.00000  0.00000  0.00000  0.00000  0.00000  0.00000  0.00000  0.00000  0.00000  0.00000  0.00000  0.00000  0.00000  0.00000  0.00000  0.00000  0.00000  0.00000  0.00000  0.00000  0.00000  0.00000  0.00000  0.00000  0.00000  0.00000  0.00000  0.00000

cs_event                  =     4157     1613      886      535     1569     1662     1151      806      368      950     2824      949      345      210      139      345      391      272      193      304      666      153       78      119      499      203       86      420      308      286      143      803       91       45       15       93       69
avg_weight                =  0.00000  0.00000  0.00000  0.00000  0.00000  0.00000  0.00000  0.00000  0.00000  0.00000  0.00000  0.00000  0.00000  0.00000  0.00000  0.00000  0.00000  0.00000  0.00000  0.00000  0.00000  0.00000  0.00000  0.00000  0.00000  0.00000  0.00000  0.00000  0.00000  0.00000  0.00000  0.00000  0.00000  0.00000  0.00000  0.00000  0.00000

stat_unc_up = xxx yy zz
stat_unc_dn = xxx yy zz

syst_unc_norm_up          =  0.18035  0.18035  0.18035  0.18035  0.18035  0.18035  0.18035  0.18035  0.18035  0.18035  0.18035  0.18035  0.18035  0.18035  0.18035  0.18035  0.18035  0.18035  0.18035  0.18035  0.18035  0.18035  0.18035  0.18035  0.18035  0.18035  0.18035  0.18035  0.18035  0.18035  0.18035  0.18035  0.18035  0.18035  0.18035  0.18035  0.18035
syst_unc_norm_dn          =  0.18035  0.18035  0.18035  0.18035  0.18035  0.18035  0.18035  0.18035  0.18035  0.18035  0.18035  0.18035  0.18035  0.18035  0.18035  0.18035  0.18035  0.18035  0.18035  0.18035  0.18035  0.18035  0.18035  0.18035  0.18035  0.18035  0.18035  0.18035  0.18035  0.18035  0.18035  0.18035  0.18035  0.18035  0.18035  0.18035  0.18035
syst_unc_shape_central_upElec =  0.41852  0.22019  0.26192  0.20845  0.52962  0.38274  0.41707  0.39082  0.37616  0.41088  0.48310  0.40014  0.17903  0.23143  0.18200  0.51522  0.36188  0.39862  0.37473  0.37404  0.47172  0.36920  0.17126  0.15319  0.42675  0.23106  0.23054  0.53615  0.39606  0.39351  0.39537  0.44627  0.40874  0.19979  0.19301  0.52193  0.37534
syst_unc_shape_central_dnElec =  0.41852  0.22019  0.26192  0.20845  0.52962  0.38274  0.41707  0.39082  0.37616  0.41088  0.48310  0.40014  0.17903  0.23143  0.18200  0.51522  0.36188  0.39862  0.37473  0.37404  0.47172  0.36920  0.17126  0.15319  0.42675  0.23106  0.23054  0.53615  0.39606  0.39351  0.39537  0.44627  0.40874  0.19979  0.19301  0.52193  0.37534
syst_unc_shape_stat_upElec =  0.29100  0.28800  0.25200  0.20500  0.31200  0.27300  0.25900  0.23200  0.40000  0.40000  0.39900  0.68300  0.68300  0.68300  0.68300  0.68300  0.68300  0.68300  0.68300  0.68300  0.68300  0.42500  0.45200  0.31600  0.54800  0.54800  0.54800  0.54800  0.54800  0.54800  0.58600  0.54800  0.68300  0.68300  0.68300  0.68300  0.68300
syst_unc_shape_stat_dnElec =  0.29100  0.28800  0.25200  0.20500  0.31200  0.27300  0.25900  0.23200  0.40000  0.40000  0.39900  0.68300  0.68300  0.68300  0.68300  0.68300  0.68300  0.68300  0.68300  0.68300  0.68300  0.42500  0.45200  0.31600  0.54800  0.54800  0.54800  0.54800  0.54800  0.54800  0.58600  0.54800  0.68300  0.68300  0.68300  0.68300  0.68300
syst_unc_jeu_upElec       =  0.00000  0.00000  0.00000  0.00000  0.00000  0.00000  0.00000  0.00000  0.00000  0.00000  0.00000  0.00000  0.00000  0.00000  0.00000  0.00000  0.00000  0.00000  0.00000  0.00000  0.00000  0.00000  0.00000  0.00000  0.00000  0.00000  0.00000  0.00000  0.00000  0.00000  0.00000  0.00000  0.00000  0.00000  0.00000  0.00000  0.00000
syst_unc_jeu_dnElec       =  0.00000  0.00000  0.00000  0.00000  0.00000  0.00000  0.00000  0.00000  0.00000  0.00000  0.00000  0.00000  0.00000  0.00000  0.00000  0.00000  0.00000  0.00000  0.00000  0.00000  0.00000  0.00000  0.00000  0.00000  0.00000  0.00000  0.00000  0.00000  0.00000  0.00000  0.00000  0.00000  0.00000  0.00000  0.00000  0.00000  0.00000
syst_unc_meu_upElec       =  0.00000  0.00000  0.00000  0.00000  0.00000  0.00000  0.00000  0.00000  0.00000  0.00000  0.00000  0.00000  0.00000  0.00000  0.00000  0.00000  0.00000  0.00000  0.00000  0.00000  0.00000  0.00000  0.00000  0.00000  0.00000  0.00000  0.00000  0.00000  0.00000  0.00000  0.00000  0.00000  0.00000  0.00000  0.00000  0.00000  0.00000
syst_unc_meu_dnElec       =  0.00000  0.00000  0.00000  0.00000  0.00000  0.00000  0.00000  0.00000  0.00000  0.00000  0.00000  0.00000  0.00000  0.00000  0.00000  0.00000  0.00000  0.00000  0.00000  0.00000  0.00000  0.00000  0.00000  0.00000  0.00000  0.00000  0.00000  0.00000  0.00000  0.00000  0.00000  0.00000  0.00000  0.00000  0.00000  0.00000  0.00000
syst_unc_scale_upElec     =  0.01068  0.00248  0.00076  0.00146  0.01620  0.00740  0.01041  0.00367  0.04066  0.00597  0.00308  0.00852  0.00161  0.00105  0.00561  0.01045  0.00166  0.00934  0.00146  0.00764  0.00327  0.02977  0.04088  0.02095  0.02503  0.00804  0.01873  0.04689  0.01405  0.02518  0.02603  0.01149  0.02013  0.00393  0.01275  0.02004  0.02252
syst_unc_scale_dnElec     =  0.01068  0.00248  0.00076  0.00146  0.01620  0.00740  0.01041  0.00367  0.04066  0.00597  0.00308  0.00852  0.00161  0.00105  0.00561  0.01045  0.00166  0.00934  0.00146  0.00764  0.00327  0.02977  0.04088  0.02095  0.02503  0.00804  0.01873  0.04689  0.01405  0.02518  0.02603  0.01149  0.02013  0.00393  0.01275  0.02004  0.02252
syst_unc_pdf_upElec       =  0.01977  0.01123  0.00593  0.00438  0.00644  0.00284  0.00009  0.02177  0.00400  0.01425  0.06027  0.00450  0.09945  0.08495  0.00241  0.00381  0.00093  0.01528  0.03564  0.00907  0.03346  0.01090  0.01076  0.00869  0.02002  0.00992  0.11740  0.01023  0.06018  0.02494  0.21216  0.02766  0.02571  0.01243  0.03106  0.01222  0.28568
syst_unc_pdf_dnElec       =  0.01977  0.01123  0.00593  0.00438  0.00644  0.00284  0.00009  0.02177  0.00400  0.01425  0.06027  0.00450  0.09945  0.08495  0.00241  0.00381  0.00093  0.01528  0.03564  0.00907  0.03346  0.01090  0.01076  0.00869  0.02002  0.00992  0.11740  0.01023  0.06018  0.02494  0.21216  0.02766  0.02571  0.01243  0.03106  0.01222  0.28568
syst_unc_trig_upElec      =  0.00000  0.00000  0.00000  0.00000  0.00000  0.00000  0.00000  0.00000  0.00000  0.00000  0.00000  0.00000  0.00000  0.00000  0.00000  0.00000  0.00000  0.00000  0.00000  0.00000  0.00000  0.00000  0.00000  0.00000  0.00000  0.00000  0.00000  0.00000  0.00000  0.00000  0.00000  0.00000  0.00000  0.00000  0.00000  0.00000  0.00000
syst_unc_trig_dnElec      =  0.00000  0.00000  0.00000  0.00000  0.00000  0.00000  0.00000  0.00000  0.00000  0.00000  0.00000  0.00000  0.00000  0.00000  0.00000  0.00000  0.00000  0.00000  0.00000  0.00000  0.00000  0.00000  0.00000  0.00000  0.00000  0.00000  0.00000  0.00000  0.00000  0.00000  0.00000  0.00000  0.00000  0.00000  0.00000  0.00000  0.00000
syst_unc_btag_upElec      =  0.00000  0.00000  0.00000  0.00000  0.00000  0.00000  0.00000  0.00000  0.00000  0.00000  0.00000  0.00000  0.00000  0.00000  0.00000  0.00000  0.00000  0.00000  0.00000  0.00000  0.00000  0.00000  0.00000  0.00000  0.00000  0.00000  0.00000  0.00000  0.00000  0.00000  0.00000  0.00000  0.00000  0.00000  0.00000  0.00000  0.00000
syst_unc_btag_dnElec      =  0.00000  0.00000  0.00000  0.00000  0.00000  0.00000  0.00000  0.00000  0.00000  0.00000  0.00000  0.00000  0.00000  0.00000  0.00000  0.00000  0.00000  0.00000  0.00000  0.00000  0.00000  0.00000  0.00000  0.00000  0.00000  0.00000  0.00000  0.00000  0.00000  0.00000  0.00000  0.00000  0.00000  0.00000  0.00000  0.00000  0.00000
syst_unc_bmistag_upElec   =  0.00000  0.00000  0.00000  0.00000  0.00000  0.00000  0.00000  0.00000  0.00000  0.00000  0.00000  0.00000  0.00000  0.00000  0.00000  0.00000  0.00000  0.00000  0.00000  0.00000  0.00000  0.00000  0.00000  0.00000  0.00000  0.00000  0.00000  0.00000  0.00000  0.00000  0.00000  0.00000  0.00000  0.00000  0.00000  0.00000  0.00000
syst_unc_bmistag_dnElec   =  0.00000  0.00000  0.00000  0.00000  0.00000  0.00000  0.00000  0.00000  0.00000  0.00000  0.00000  0.00000  0.00000  0.00000  0.00000  0.00000  0.00000  0.00000  0.00000  0.00000  0.00000  0.00000  0.00000  0.00000  0.00000  0.00000  0.00000  0.00000  0.00000  0.00000  0.00000  0.00000  0.00000  0.00000  0.00000  0.00000  0.00000
