[?1034hluminosity = 2153.74
channels = 45
sample = zinv
rate =  5.51638  2.12618  0.88239  0.47218  1.64047  2.15182  1.37991  0.85656  0.27062  1.11569  2.65092  1.03460  0.43042  0.25211  0.10040  0.56600  0.42171  0.28894  0.15493  0.31382  0.66368  0.24449  0.07129  0.13083  0.62748  0.15542  0.12045  0.46485  0.32233  0.25985  0.11351  0.75132  0.12544  0.02164  0.00681  0.11816  0.12093  0.05569  0.02633  0.10852  0.02043  0.04676  0.02724  0.02724  0.00000
cs_event = 451.00000 175.00000 81.00000 50.00000 139.00000 170.00000 114.00000 100.00000 32.00000 93.00000 283.00000 89.00000 37.00000 21.00000 14.00000 45.00000 33.00000 24.00000 20.00000 27.00000 66.00000 20.00000  9.00000 12.00000 55.00000 21.00000 10.00000 42.00000 29.00000 23.00000 14.00000 70.00000 10.00000  2.00000  1.00000  9.00000  9.00000  7.00000  3.00000 10.00000  3.00000  6.00000  3.00000  3.00000  0.00000
avg_weight =  0.01154  0.01199  0.01030  0.00863  0.01116  0.01214  0.01181  0.00844  0.00838  0.01163  0.00923  0.01135  0.01157  0.01191  0.00722  0.01171  0.01202  0.01181  0.00742  0.01123  0.00982  0.01189  0.00715  0.01014  0.01098  0.00708  0.01102  0.01035  0.01100  0.01029  0.00712  0.01029  0.01219  0.00722  0.00678  0.01206  0.01294  0.00699  0.00655  0.01054  0.00663  0.00667  0.00667  0.00676  0.00000
stat_unc_up = xxx yy zz
stat_unc_dn = xxx yy zz
syst_unc_shape_central_up = 0.62064 0.35292 0.20130 0.16545 0.24880 0.42600 0.35197 0.31673 0.06498 0.33222 1.23343 0.41837 0.18197 0.11333 0.05325 0.23639 0.18427 0.13449 0.08237 0.14981 0.39874 0.13445 0.04057 0.08285 0.25068 0.06481 0.05493 0.19166 0.13908 0.12185 0.05089 0.45522 0.06983 0.01235 0.00410 0.06670 0.07054 0.03442 0.01565 0.07243 0.01373 0.03390 0.01169 0.01733 0.00000
syst_unc_shape_central_dn = 0.62064 0.35292 0.20130 0.16545 0.24880 0.42600 0.35197 0.31673 0.06498 0.33222 1.23343 0.41837 0.18197 0.11333 0.05325 0.23639 0.18427 0.13449 0.08237 0.14981 0.39874 0.13445 0.04057 0.08285 0.25068 0.06481 0.05493 0.19166 0.13908 0.12185 0.05089 0.45522 0.06983 0.01235 0.00410 0.06670 0.07054 0.03442 0.01565 0.07243 0.01373 0.03390 0.01169 0.01733 0.00000
syst_unc_shape_stat_up = 0.94330 0.36783 0.33178 0.26348 0.34450 0.46049 0.53541 0.47796 0.11907 0.50987 2.65092 0.62904 0.26170 0.15328 0.06104 0.34413 0.25640 0.17567 0.09420 0.19080 0.40352 0.24436 0.07126 0.13076 0.33696 0.08346 0.06468 0.24963 0.17309 0.13954 0.06095 0.40346 0.07627 0.01316 0.00582 0.07184 0.07352 0.03386 0.01601 0.06598 0.02042 0.04674 0.02329 0.02329 0.00000
syst_unc_shape_stat_dn = 0.94330 0.36783 0.33178 0.26348 0.34450 0.46049 0.53541 0.47796 0.11907 0.50987 2.65092 0.62904 0.26170 0.15328 0.06104 0.34413 0.25640 0.17567 0.09420 0.19080 0.40352 0.24436 0.07126 0.13076 0.33696 0.08346 0.06468 0.24963 0.17309 0.13954 0.06095 0.40346 0.07627 0.01316 0.00582 0.07184 0.07352 0.03386 0.01601 0.06598 0.02042 0.04674 0.02329 0.02329 0.00000
syst_unc_jeu_up = 0.46404 0.10419 0.10634 0.02681 0.14954 0.27028 0.05717 0.04738 0.04209 0.14753 0.17145 0.12610 0.02252 0.02994 0.02845 0.06276 0.03121 0.00984 0.00802 0.07294 0.03924 0.02134 0.02872 0.02485 0.07821 0.01909 0.00681 0.08193 0.07536 0.05872 0.03088 0.01600 0.00000 0.00000 0.00000 0.01605 0.00802 0.00651 0.00681 0.02286 0.00000 0.00681 0.01216 0.00681 0.00000
syst_unc_jeu_dn = 0.46404 0.10419 0.10634 0.02681 0.14954 0.27028 0.05717 0.04738 0.04209 0.14753 0.17145 0.12610 0.02252 0.02994 0.02845 0.06276 0.03121 0.00984 0.00802 0.07294 0.03924 0.02134 0.02872 0.02485 0.07821 0.01909 0.00681 0.08193 0.07536 0.05872 0.03088 0.01600 0.00000 0.00000 0.00000 0.01605 0.00802 0.00651 0.00681 0.02286 0.00000 0.00681 0.01216 0.00681 0.00000
syst_unc_meu_up = 0.06649 0.02382 0.08720 0.01239 0.05861 0.05967 0.05558 0.09096 0.01409 0.06013 0.12249 0.02779 0.01316 0.02605 0.02406 0.01888 0.01557 0.02286 0.01483 0.03193 0.04646 0.00802 0.02477 0.02211 0.08764 0.02601 0.00681 0.01814 0.00711 0.04949 0.00758 0.02211 0.02329 0.00000 0.00000 0.00876 0.00273 0.01301 0.00651 0.00000 0.00681 0.00000 0.00000 0.00681 0.00000
syst_unc_meu_dn = 0.06649 0.02382 0.08720 0.01239 0.05861 0.05967 0.05558 0.09096 0.01409 0.06013 0.12249 0.02779 0.01316 0.02605 0.02406 0.01888 0.01557 0.02286 0.01483 0.03193 0.04646 0.00802 0.02477 0.02211 0.08764 0.02601 0.00681 0.01814 0.00711 0.04949 0.00758 0.02211 0.02329 0.00000 0.00000 0.00876 0.00273 0.01301 0.00651 0.00000 0.00681 0.00000 0.00000 0.00681 0.00000
syst_unc_scale_up = 0.05308 0.01443 0.00979 0.00325 0.01263 0.02229 0.02023 0.00272 0.00952 0.01297 0.00541 0.00855 0.00503 0.00035 0.00121 0.00276 0.00501 0.00474 0.00086 0.00679 0.00863 0.00228 0.00291 0.00139 0.01329 0.00760 0.00489 0.01428 0.00196 0.00413 0.00398 0.00901 0.00178 0.00062 0.00018 0.00229 0.00086 0.00087 0.00019 0.00047 0.00025 0.00070 0.00111 0.00103 0.00000
syst_unc_scale_dn = 0.05308 0.01443 0.00979 0.00325 0.01263 0.02229 0.02023 0.00272 0.00952 0.01297 0.00541 0.00855 0.00503 0.00035 0.00121 0.00276 0.00501 0.00474 0.00086 0.00679 0.00863 0.00228 0.00291 0.00139 0.01329 0.00760 0.00489 0.01428 0.00196 0.00413 0.00398 0.00901 0.00178 0.00062 0.00018 0.00229 0.00086 0.00087 0.00019 0.00047 0.00025 0.00070 0.00111 0.00103 0.00000
syst_unc_pdf_up = 0.04264 0.04207 0.01093 0.00477 0.01604 0.01141 0.02836 0.01421 0.00445 0.01932 0.02651 0.21605 0.05232 0.00490 0.00140 0.01639 0.00969 0.00485 0.00271 0.00585 0.00451 0.00824 0.00162 0.00227 0.01013 0.00081 0.00937 0.01048 0.06976 0.00051 0.00300 0.01589 0.00371 0.00070 0.00027 0.00211 0.00400 0.00097 0.00066 0.00025 0.00073 0.00100 0.00105 0.00035 0.00000
syst_unc_pdf_dn = 0.04264 0.04207 0.01093 0.00477 0.01604 0.01141 0.02836 0.01421 0.00445 0.01932 0.02651 0.21605 0.05232 0.00490 0.00140 0.01639 0.00969 0.00485 0.00271 0.00585 0.00451 0.00824 0.00162 0.00227 0.01013 0.00081 0.00937 0.01048 0.06976 0.00051 0.00300 0.01589 0.00371 0.00070 0.00027 0.00211 0.00400 0.00097 0.00066 0.00025 0.00073 0.00100 0.00105 0.00035 0.00000
syst_unc_trig_dn = 0.08660 0.02329 0.00969 0.00522 0.02575 0.02357 0.01517 0.00946 0.00307 0.01228 0.02929 0.01624 0.00471 0.00277 0.00111 0.00889 0.00462 0.00318 0.00171 0.00359 0.00733 0.00354 0.00078 0.00145 0.00985 0.00170 0.00132 0.00730 0.00353 0.00286 0.00135 0.00828 0.00197 0.00024 0.00007 0.00185 0.00132 0.00061 0.00029 0.00120 0.00032 0.00052 0.00039 0.00033 0.00000
syst_unc_trig_dn = 0.08660 0.02329 0.00969 0.00522 0.02575 0.02357 0.01517 0.00946 0.00307 0.01228 0.02929 0.01624 0.00471 0.00277 0.00111 0.00889 0.00462 0.00318 0.00171 0.00359 0.00733 0.00354 0.00078 0.00145 0.00985 0.00170 0.00132 0.00730 0.00353 0.00286 0.00135 0.00828 0.00197 0.00024 0.00007 0.00185 0.00132 0.00061 0.00029 0.00120 0.00032 0.00052 0.00039 0.00033 0.00000
